time,x,y,z,phi,theta,psi,x_velocity,y_velocity,z_velocity,phi_velocity,theta_velocity,psi_velocity,rotor_speed1,rotor_speed2,rotor_speed3,rotor_speed4
0.06,-3.30101749333e-07,-1.00239143039e-07,10.0075572938,6.28303417623,0.000260094350746,0.0,-2.86486875506e-05,-1.20681699615e-05,0.251887621672,-0.00810427474414,0.0118374938687,0.0,481.8397279219887,482.7335759080612,483.4078356710289,482.7969217433472
0.12000000000000001,-1.03513603297e-05,-5.94165731707e-06,10.0264425003,6.28260663445,0.000710133330945,0.0,-0.000368713591869,-0.000230912843805,0.377585380251,-0.00523699538165,-0.00301054731125,0.0,445.67255799588787,444.45742016767304,444.944065673911,445.178813369552
0.18,-4.75077628734e-05,-3.35118059098e-05,10.0531022906,6.28238074403,6.22906958192e-06,0.0,-0.000835736162722,-0.000716783463939,0.511023478249,-0.000971951988168,-0.0415507872615,0.0,449.49190497829204,446.35816370246584,447.00773094165027,447.3551712763151
0.23999999999999996,-8.99112875114e-05,-9.19212250773e-05,10.0849295726,6.28200085323,6.28138038693,0.0,-0.000383626992778,-0.00124771366138,0.54986757617,-0.0200999188562,-0.01385275725,0.0,416.05603392134077,418.4731458980444,418.2243117422887,416.55529069793096
0.3,-6.88977908953e-05,-0.000198751349704,10.1229005392,6.28058483905,6.28081928696,0.0,0.00116030594231,-0.00245842178165,0.715741277881,-0.0317264031429,-0.00160042144342,0.0,458.11344762738094,459.08662437273955,457.18768784421513,456.26047330232467
0.36000000000000004,5.3959453058e-05,-0.00041298432081,10.1708268024,6.27880679901,6.28125726143,0.0,0.00291085289237,-0.00488775235208,0.881686582772,-0.0257477460548,0.0208863709983,0.0,457.1041087956235,458.89227876189733,457.550273103671,458.0256869305942
0.4200000000000001,0.000268317644924,-0.000815388369341,10.2295468333,6.27756403926,6.28262036539,0.0,0.00408227926099,-0.00868471009518,1.07548490403,-0.0121778574055,0.0261511043802,0.0,465.89459116465025,466.3059979233108,466.40552140765936,467.46401773197283
0.48000000000000015,0.000520492882995,-0.00148854357592,10.3028152914,6.27658840694,0.00101290402431,0.0,0.00411850156017,-0.0138611156935,1.36649504977,-0.026022795883,0.0265884492067,0.0,494.7801890768738,494.81244919900564,495.63801795616445,494.6196639134782
0.5400000000000001,0.000738493878565,-0.00247379313187,10.3894501953,6.2750252391,0.00250377840181,0.0,0.00297830117383,-0.0191511854608,1.52114054307,-0.0261128594422,0.0211178909753,0.0,455.9489280873025,455.5117855471754,455.7697025934497,455.7623880779057
0.6000000000000002,0.0008512607864,-0.00382581046323,10.487174269,6.27401582094,0.003594939034,0.0,0.00064020183577,-0.026061408831,1.73602577004,-0.00278221377078,0.0115616348424,0.0,473.8553448595023,473.1201397932288,473.9701835224105,475.75975175851835
0.6600000000000003,0.000808172314695,-0.00559103911485,10.5955767392,6.27376995539,0.00423105317977,0.0,-0.00214760187266,-0.0327996877652,1.87716826696,-0.00686812668857,0.00860982891713,0.0,453.29033315153026,453.0529528253513,452.37049108795185,452.0414575973506
0.7200000000000003,0.000592330685468,-0.00774787043381,10.710439468,6.27301219182,0.00545368786868,0.0,-0.00513861831066,-0.039147380297,1.95146428725,-0.0278040950696,0.0371316206119,0.0,429.82860726216046,432.2388635385997,434.14159488826704,432.3815659913584
0.7800000000000004,0.00015287346587,-0.010330451368,10.8322212335,6.27179163593,0.00728771536945,0.0,-0.00973804104952,-0.0470916883212,2.10764992848,-0.00851985468734,0.0123041184875,0.0,459.2049041481761,457.23158248648895,457.06731774676354,458.6015246928886
0.8400000000000004,-0.000585865818647,-0.0133948381471,10.9618164899,6.27132765565,0.00809483012048,0.0,-0.014964538391,-0.0551023274483,2.21199441831,-0.00620396330212,0.0156539290243,0.0,441.6990197884969,441.97506421702997,443.2571689232072,443.44755315365273
0.9000000000000005,-0.00165101436245,-0.0169417062321,11.0970758433,6.27116917519,0.00928423507168,0.0,-0.0206462279764,-0.0631503425788,2.29648321781,0.00367161004055,0.0270747959043,0.0,435.6631688717669,436.6169913013516,436.9198611497042,437.7424494018145
0.9600000000000005,-0.00307850124355,-0.0209650882746,11.2367873171,6.27090788868,0.0116806050361,0.0,-0.0271373487209,-0.0709539379663,2.36043371556,-0.0296741060976,0.0577979899455,0.0,428.8319825720729,431.4345466825991,432.28595985116146,429.4669928071504
1.0200000000000005,-0.00498066674219,-0.0255024747024,11.3829759664,6.26920377306,0.0152345102453,0.0,-0.0366493096721,-0.0804791047656,2.51219232217,-0.0259721642194,0.0619541349457,0.0,458.0824380396154,458.4151455308782,458.2413226442556,458.5352988974845
1.0800000000000005,-0.00753213066181,-0.030646619259,11.5381764173,6.26802196341,0.0184995894434,0.0,-0.0487836309059,-0.0911346936647,2.66081282565,-0.00942802523058,0.0317513700945,0.0,459.5671727990986,457.1687216250067,457.08486498440715,458.4014105592457
1.1400000000000006,-0.0109187477958,-0.03648712029,11.7045450754,6.26714797325,0.0202940110807,0.0,-0.0643162361796,-0.103623779629,2.88426642291,-0.0275925612512,0.0259372948616,0.0,481.95011120806794,481.51068550026196,480.9093609911036,479.5316277010792
1.2000000000000006,-0.0153127248345,-0.0431295186655,11.8859354478,6.26550098201,0.0216359349625,0.0,-0.0823219999501,-0.117989287381,3.16134694632,-0.0271659969494,0.0140435069976,0.0,497.2215331549983,496.3494033626299,497.8965113145816,497.92762237165056
1.2600000000000007,-0.0206608574185,-0.0505455815546,12.076665814,6.26381901732,0.0232670395472,0.0,-0.0960687606387,-0.129363998017,3.19622773673,-0.0298248704228,0.0453158763637,0.0,425.0078641623934,427.68004362617523,425.06284751933714,424.8346743833507
1.3200000000000007,-0.0269023563839,-0.058702242353,12.2708578854,6.26270454851,0.0259073267649,0.0,-0.112241473131,-0.142657890064,3.27660292997,-0.00236094088018,0.0412453443912,0.0,440.2176580492584,439.88180843883606,439.8953308935909,442.16371716839797
1.3800000000000008,-0.0341389058824,-0.06765200052,12.4688109442,6.26223038158,0.0288156901078,0.0,-0.12922885831,-0.155690667797,3.32169259623,-0.0222994877663,0.0599940398236,0.0,428.42106067995235,430.0137588509121,431.09268454393566,429.40462414319006
1.4400000000000008,-0.0424360686566,-0.0773841630642,12.6688786209,6.2611920303,0.0322390427791,0.0,-0.147661201677,-0.168819910422,3.34714074444,-0.00883089774459,0.0504180483376,0.0,424.61505418978084,423.7951082008012,422.45485179402374,423.6146923869557
1.5000000000000009,-0.0518382677514,-0.0878790149093,12.8685781712,6.26052372789,0.0352385475051,0.0,-0.165995128276,-0.18105964062,3.30960813696,-0.0162066004467,0.0491255269508,0.0,402.21222028622515,402.0969964580969,403.23309252849873,402.56631342612127
1.560000000000001,-0.0627093326155,-0.099324357405,13.0749414516,6.25916632498,0.0382966545752,0.0,-0.196723140533,-0.200574173264,3.56837506284,-0.040287510984,0.0544195024165,0.0,494.4465415889282,494.8377717616255,495.4369586647725,493.6631693597181
1.620000000000001,-0.0752406506766,-0.111816049925,13.2900785274,6.2573722115,0.0411560772488,0.0,-0.221271143473,-0.216002090013,3.60273142601,-0.0146228816427,0.0285687616236,0.0,429.2545924702539,427.0565018275651,427.3265843721626,429.50841821035146
1.680000000000001,-0.0894211522179,-0.125341875962,13.5103589987,6.25700774232,0.0429903354343,0.0,-0.251585281135,-0.234910202602,3.73949767345,0.00709293482107,0.0343009004951,0.0,459.3364623349003,459.79110792312343,461.0960854395815,462.80861531232165
1.740000000000001,-0.1053296909,-0.139926184342,13.7357984795,6.25740189263,0.0450965444556,0.0,-0.278887290314,-0.251193047059,3.77502162821,0.00550047858251,0.0366618506088,0.0,430.1213240516009,430.3218123264802,429.7116356119125,429.5765078494351
1.8000000000000012,-0.123151517539,-0.155613058009,13.9685229877,6.25785174059,0.0475482641033,0.0,-0.315417445531,-0.271639126531,3.98174543834,0.0112190492328,0.0481587794105,0.0,482.717077114087,483.5846338074243,481.99999426750094,482.43188136852996
1.8600000000000012,-0.142967323768,-0.172378617284,14.2082606708,6.25879464552,0.0504572753072,0.0,-0.345370033154,-0.287136294098,4.00939559618,0.0234584256427,0.0491250019061,0.0,429.6911618511148,429.7746019142653,428.2002230358942,429.24016606935606
1.9200000000000013,-0.16469026527,-0.190080788552,14.4507438835,6.2598047806,0.0536275622501,0.0,-0.379013577261,-0.302809723134,4.07313222529,-0.00167238206098,0.0593846110276,0.0,440.45140612092877,441.30098959709824,442.3246474639059,440.2499694594614
1.9800000000000013,-0.1883779026,-0.208658106827,14.6948609763,6.25935105401,0.0577892263523,0.0,-0.410912747195,-0.316455865753,4.06410745181,-0.023205776862,0.0841814608257,0.0,417.3235623682505,419.48641058168,418.3586737934403,416.47941808302755
2.0400000000000014,-0.214408716742,-0.228210827148,14.944428517,6.25791144032,0.0626141319155,0.0,-0.45731137785,-0.335447538182,4.25406831546,-0.0256174124395,0.0715600200544,0.0,480.47920930306543,479.525955558978,480.08333481768193,479.9002792764676
2.1000000000000014,-0.243186656549,-0.248878111509,15.2030681182,6.25616689215,0.0673549172329,0.0,-0.502398964916,-0.353619820033,4.36677492735,-0.037087703165,0.0908202289944,0.0,458.4564016509802,459.9889608210135,458.09273932432944,457.1794069649473
2.1600000000000015,-0.274925319651,-0.270735757172,15.4706744385,6.25384168517,0.0725997744804,0.0,-0.556121104682,-0.375207820681,4.55263982218,-0.0423114815053,0.079548782403,0.0,481.0907777239499,480.24216821009105,482.0193025004386,481.623722982985
2.2200000000000015,-0.309658159652,-0.293802589571,15.7446884603,6.25147065456,0.0773049925311,0.0,-0.602065507384,-0.393906029066,4.58098549653,-0.0344455474747,0.076063522097,0.0,435.00884355607127,434.72191358306185,434.04630517927916,434.7051796239449
2.2800000000000016,-0.347632409848,-0.318196595426,16.0254742591,6.24895023281,0.0815276394634,0.0,-0.664195053069,-0.419457877127,4.77765887724,-0.0648045562157,0.0554826186979,0.0,486.4930856795685,484.95269246241884,488.04267448317603,485.77021220753414
2.3400000000000016,-0.389226161747,-0.344104857989,16.3155854841,6.24465230383,0.084631262316,0.0,-0.722560797112,-0.444551973576,4.89215526043,-0.0909927636506,0.0428994658438,0.0,464.1182928161663,463.1310996994284,464.95555346551953,462.8950381017622
2.4000000000000017,-0.434384584102,-0.371614634209,16.6125466509,6.23951735519,0.0873577993887,0.0,-0.782955588216,-0.472967350283,5.00597394595,-0.0765150809519,0.0500949871575,0.0,464.57587039550174,465.140883332103,464.0124663616784,465.14199540480536
2.4600000000000017,-0.482993321903,-0.400816441619,16.913681771,6.23502073518,0.0903269464779,0.0,-0.837599700745,-0.500832035537,5.03167003803,-0.0719743958163,0.0482391086701,0.0,437.46835399550304,437.3153383365999,439.35704462446114,439.72892548037106
2.520000000000002,-0.535015028959,-0.431814053382,17.2172104416,6.23084910253,0.0935113686685,0.0,-0.896728358335,-0.532810870392,5.08562389157,-0.0650364074991,0.0613148386002,0.0,447.26097632181273,448.326597766353,447.6475142953884,448.2081623501872
2.580000000000002,-0.590537968641,-0.464745860707,17.5227830062,6.22753557275,0.0974595092783,0.0,-0.954374299712,-0.565227687084,5.09996956479,-0.0405904630582,0.073529952445,0.0,435.3730584236791,436.3972930126162,434.9798385619339,437.0202288029129
2.640000000000002,-0.649545436686,-0.49965012326,17.8287071345,6.22460976954,0.10194322438,0.0,-1.01293101573,-0.59846997202,5.09741359605,-0.0749239758145,0.0770228442865,0.0,430.28200943917824,430.58222293215897,432.6063383286225,429.7032051819051
2.700000000000002,-0.712304515799,-0.536697669207,18.1359869071,6.21998779188,0.106727221747,0.0,-1.07946145117,-0.636859633785,5.14489988286,-0.0816221606169,0.0846644312577,0.0,447.43431273041256,448.0611241386687,446.70989124894896,446.1585755833865
2.760000000000002,-0.779546231025,-0.576372222433,18.4497600044,6.21548829051,0.111403643091,0.0,-1.16239883663,-0.686092250068,5.31326008344,-0.0642518268906,0.0590231194527,0.0,486.2554032162157,484.33456818589053,482.96525582933145,484.2697481000607
2.820000000000002,-0.85129405671,-0.618751426591,18.7685459416,6.21132309375,0.11494518851,0.0,-1.22950825916,-0.726890556189,5.31281457393,-0.0825354167894,0.0590310292729,0.0,434.24174984998547,434.2449401524944,435.4231204986713,433.88664287233917
2.880000000000002,-0.926936384539,-0.663531679312,19.0855976319,6.20670639044,0.118856551232,0.0,-1.29223390717,-0.766174328946,5.25571147091,-0.0676233847305,0.0752961917906,0.0,414.7970420377786,416.22662492451144,415.61253612098795,416.91248312309
2.940000000000002,-1.00685829586,-0.7110276985,19.402925559,6.20259986377,0.123718830014,0.0,-1.37225192793,-0.817390352232,5.32140489301,-0.0701311092419,0.0905709189213,0.0,454.62843372362653,455.8559089044517,455.8904670563269,455.6866094895437
3.000000000000002,-1.09152104145,-0.761572671611,19.7228886244,6.19821645924,0.129640457244,0.0,-1.45034512279,-0.867812197671,5.34373169656,-0.0796613275584,0.111335663538,0.0,441.82802231146366,443.54517650047586,443.4538471055312,442.6659699280581
3.0600000000000023,-1.18164149927,-0.81565262563,20.049144524,6.19363375726,0.136061063206,0.0,-1.55430312761,-0.93529630004,5.53029279651,-0.0705133693449,0.0965440654258,0.0,494.44631866126923,493.3639371686678,492.38459029675244,493.056978748757
3.1200000000000023,-1.27692334742,-0.873084156033,20.3777226028,6.18976629019,0.141982835953,0.0,-1.62225230378,-0.979413948648,5.42264936696,-0.0544911437497,0.102683195062,0.0,402.58951191623214,403.1541732792317,401.2516424569182,402.7002505569536
3.1800000000000024,-1.37601746256,-0.932985046491,20.6973756168,6.18695953861,0.148108405833,0.0,-1.68138495605,-1.0175393314,5.23319024373,-0.0346428038706,0.100886182713,0.0,373.3453639999737,373.1811613937403,368.8136329321557,370.76738447704673
3.2400000000000024,-1.47965674617,-0.995795734549,21.0117387268,6.18464111487,0.154347597634,0.0,-1.77379971283,-1.07632808959,5.24529281576,-0.0481547067397,0.109556030202,0.0,440.47874530683015,441.20474037616356,440.79356670201594,439.67454453113686
3.3000000000000025,-1.58878262993,-1.06206670457,21.3256820558,6.18166472995,0.161115836591,0.0,-1.8643081165,-1.13294807613,5.2193564946,-0.0526793788934,0.118611094788,0.0,428.29157668430526,429.0729398791545,428.9488321116261,428.56270568611876
3.3600000000000025,-1.70400614825,-1.13212547995,21.6413575076,6.17839902019,0.168834074971,0.0,-1.97715182559,-1.2026038497,5.30243826941,-0.058177185805,0.14350735156,0.0,463.7575267675092,465.72319709163116,463.2965659405896,462.8621743774326
3.4200000000000026,-1.82631146513,-1.20651884718,21.9628246022,6.17502737144,0.177119586296,0.0,-2.10046995005,-1.27744756135,5.41221163444,-0.052498338276,0.124154141144,0.0,474.56154785149846,473.08960268516535,473.12304442212826,473.55819651253177
3.4800000000000026,-1.95608440138,-1.28540719569,22.2902515087,6.17146908033,0.184082231983,0.0,-2.22594237836,-1.35242229488,5.50119986993,-0.0785779909753,0.0902854300013,0.0,471.77850102530994,469.16636288737317,468.7895005704974,466.7557267274572
3.5400000000000027,-2.09363010473,-1.36893266286,22.623532148,6.16769499767,0.189684986942,0.0,-2.35937908378,-1.43210008332,5.60723926101,-0.0424418826827,0.0989386769571,0.0,476.0497566002031,476.7182482115632,474.16012572042246,476.92558457650784
3.6000000000000028,-2.2390896924,-1.45717866676,22.9620158874,6.16581039042,0.195287158926,0.0,-2.48976926598,-1.50958063682,5.67483933854,-0.015430382539,0.0788920399091,0.0,466.4245461639196,464.8627907156778,465.4759248957593,467.5849557019721
3.660000000000003,-2.39241319982,-1.5500627752,23.3041549593,6.16475168828,0.200272758445,0.0,-2.62142557943,-1.58660049845,5.72917550654,-0.0224892881099,0.090389408714,0.0,463.39138370224197,464.2997405303477,463.2596020195385,462.7041840824132
3.720000000000003,-2.55319328684,-1.64727146566,23.6468432658,6.16294371002,0.206294351962,0.0,-2.7384266448,-1.65381762292,5.69360776883,-0.0533557177666,0.115170385483,0.0,434.0652483804039,436.1490108891281,438.04206873195744,435.46660025329857
3.780000000000003,-2.72013706808,-1.74799489282,23.9827949027,6.16014745035,0.213085004885,0.0,-2.82698762436,-1.70390955041,5.50542751384,-0.035702489504,0.10886437267,0.0,382.35795099920034,381.77020728040475,382.07510016563083,383.7531571191941
3.840000000000003,-2.89475470749,-1.85304063077,24.3177782539,6.15839390295,0.219411041165,0.0,-2.99412603867,-1.79769457416,5.6593836796,-0.0186869994898,0.0975038906077,0.0,494.950814728559,494.1222969072377,493.0291626706531,494.28474647361514
3.900000000000003,-3.07934765812,-1.96363638946,24.6610573538,6.15674981782,0.225240485802,0.0,-3.15943535593,-1.88885191768,5.78211169353,-0.0571611236839,0.0964558324831,0.0,487.71515540110585,487.64401109142204,488.6160072938304,485.7383273664851
3.960000000000003,-3.27361217024,-2.07953595342,25.0100031607,6.15325922902,0.230828777362,0.0,-3.31651187378,-1.97472064911,5.84852930477,-0.0602877835791,0.0855097618923,0.0,473.07288436632297,472.2358170310834,472.9811130312314,472.73807060335554
4.020000000000002,-3.47635052741,-2.20006586272,25.3583857998,6.15006443462,0.235724830804,0.0,-3.44192938449,-2.04323140307,5.76424669773,-0.0419662510926,0.0723442721823,0.0,426.3862300491006,425.265345864437,425.0463098668067,426.6118930256728
4.080000000000001,-3.68754431884,-2.32522034453,25.7051435602,6.14722888079,0.23998362523,0.0,-3.59822750505,-2.12877711838,5.79369317733,-0.0607955285476,0.0681027711612,0.0,462.66794639216357,462.33744740509036,464.3962104934047,462.91521840907234
4.14,-3.90807574149,-2.45549106024,26.0530813466,6.14367277604,0.243876623399,0.0,-3.75317318643,-2.21386030205,5.80366561337,-0.0563780696485,0.0575132675337,0.0,459.2063750497891,458.3683120977287,457.6622969539745,458.0114904387522
4.199999999999998,-4.13830908166,-2.59111069255,26.4028409896,6.139936122,0.24739304478,0.0,-3.92154436102,-2.3070536817,5.85416508558,-0.0779464655228,0.060708550165,0.0,472.00934329552285,472.2580973445934,473.1713378049126,471.5048783517547
4.259999999999997,-4.37861261154,-2.73233216662,26.7551144608,6.13495648762,0.250529668048,0.0,-4.08886090231,-2.4007020579,5.88750782813,-0.0957108832664,0.0244915866219,0.0,470.1867475891605,467.37322646785844,469.2233313100145,467.83649173626713
4.319999999999996,-4.62815176301,-2.87876251367,27.1059593796,6.12881650504,0.251946989979,0.0,-4.22938306001,-2.48079217799,5.80729005727,-0.120815333599,0.021823823278,0.0,433.9966642588758,433.7727018736629,433.8460973213308,431.7226876362963
4.379999999999995,-4.88684303981,-3.03050425747,27.4545335236,6.12160953783,0.253801019975,0.0,-4.39383119615,-2.57785028427,5.81122440907,-0.118754426333,0.0446930034596,0.0,459.61886508433764,461.42851540097257,461.6387607957577,461.7889826552354
4.439999999999993,-5.15419258484,-3.18740565704,27.7984638306,6.11444193851,0.256749544851,0.0,-4.51828293505,-2.6527595687,5.65346571552,-0.120908374386,0.0568132729649,0.0,405.98802915760086,407.07610996885154,409.15924878260984,408.95317558427996
4.499999999999992,-5.42979544427,-3.34935913136,28.1355750333,6.10754097705,0.26060230784,0.0,-4.66889602138,-2.74624265402,5.58329868472,-0.105277213895,0.0759528982752,0.0,437.23583936153284,438.8309175300435,436.5972192679031,437.88759085397515
4.559999999999991,-5.71463433835,-3.51710030934,28.4688193397,6.1012333625,0.264777498385,0.0,-4.82619455933,-2.8456213698,5.52445250695,-0.104828232272,0.0521340541557,0.0,442.6972604286056,440.7360241835857,442.492042843668,442.5193073389826
4.6199999999999894,-6.00799839629,-3.69023409765,28.7948372275,6.09469726139,0.26854658445,0.0,-4.95315403433,-2.92603373709,5.34320606907,-0.118757128149,0.0784202097763,0.0,399.07446710387825,401.4705506685709,400.2105460997661,398.9282443254131
4.679999999999988,-6.31036965054,-3.8691721837,29.1145800437,6.08768487046,0.273902127336,0.0,-5.12636979022,-3.03910066061,5.31418884312,-0.113352153117,0.10502579608,0.0,450.6324188814437,452.7847380761488,452.50795515932845,452.93097999190957
4.739999999999987,-6.62399889314,-4.05552446833,29.4350749538,6.0814196375,0.280441252438,0.0,-5.3284475706,-3.17308424867,5.36763942655,-0.0908060802724,0.115910962372,0.0,479.7210935488138,480.55656137356976,479.316866181851,481.0187541095019
4.799999999999986,-6.94979503363,-4.24995123005,29.7582874546,6.07569637744,0.287620552755,0.0,-5.53199014529,-3.30815589387,5.40481418204,-0.106629309172,0.126246281153,0.0,476.27946242188625,477.08123508532645,479.70285416562615,478.49232507913905
4.859999999999984,-7.2880677085,-4.45265884905,30.083942523,6.06922408611,0.295980722764,0.0,-5.74438529526,-3.44915774381,5.44886311936,-0.11047711592,0.157403123526,0.0,482.6980888700104,485.05986870603573,481.9754251157759,481.6752015857079
4.919999999999983,-7.63843435964,-4.66335972427,30.4094352296,6.06258028312,0.30535502994,0.0,-5.9352708493,-3.57463247487,5.39991606199,-0.111240318302,0.153804294811,0.0,456.8700398341848,456.60530441339375,455.9669720875399,455.89546966052853
4.979999999999982,-8.00049441766,-4.88173515106,30.7320566124,6.05567456176,0.314701056703,0.0,-6.13414657038,-3.70497299834,5.35306748683,-0.124196138878,0.159424668338,0.0,459.71837835304507,460.18565378152675,459.0281376266313,457.9870450496097
5.0399999999999805,-8.37534679652,-5.10850986617,31.0537508834,6.04818737126,0.324468469913,0.0,-6.36163826221,-3.85460104882,5.36842541003,-0.125992937943,0.168783067877,0.0,481.1092685425768,481.8404273571953,482.09170762169407,481.9430645908117
